MODE 2
SIZE 11/70
LIMIT 0/35
COLOR LIMIT 4
STARS 1000/1500/2300
POWERUPS 0/0/1/1
13 14 15 7 7 7 7 16 11 12 0
0 0 0 7 7 7 0 0 0 0 0
0 0 0 0 7 7 0 0 0 0 0
0 0 0 0 8 0 0 0 0 0 0
0 0 0 0 7 7 0 0 0 0 0
0 0 0 7 7 7 0 0 0 0 0
0 0 0 7 7 7 7 0 0 0 0
0 0 0 7 7 7 0 0 0 0 0
0 0 0 0 7 7 0 0 0 0 0
0 0 0 0 9 0 0 0 0 0 0
0 0 0 7 7 7 7 0 0 0 0
0 0 0 7 7 7 0 0 0 0 0
0 0 0 0 7 7 0 0 0 0 0
0 0 0 0 10 0 0 0 0 0 0
0 0 0 7 7 7 7 0 0 0 0
0 0 0 7 7 7 0 0 0 0 0
0 0 0 0 7 7 0 0 0 0 0
0 0 0 0 17 0 0 0 0 0 0
0 0 0 7 7 7 7 0 0 0 0
0 0 0 7 7 7 0 0 0 0 0
0 0 0 0 7 7 0 0 0 0 0
0 0 0 0 20 0 0 0 0 0 0
0 0 0 7 7 7 7 0 0 0 0
0 0 0 7 7 7 0 0 0 0 0
0 0 0 0 7 7 0 0 0 0 0
0 0 0 0 7 0 0 0 0 0 0
0 0 0 0 0 0 0 0 0 0 0
0 0 0 0 0 0 0 0 0 0 0
0 0 0 0 0 0 0 0 0 0 0
0 0 0 0 0 0 0 0 0 0 0
0 0 0 0 0 0 0 0 0 0 0
0 0 0 0 0 0 0 0 0 0 0
0 0 0 0 0 0 0 0 0 0 0
0 0 0 0 0 0 0 0 0 0 0
0 0 0 0 0 0 0 0 0 0 0
0 0 0 0 0 0 0 0 0 0 0
0 0 0 0 0 0 0 0 0 0 0
0 0 0 0 0 0 0 0 0 0 0
0 0 0 0 0 0 0 0 0 0 0
0 0 0 0 0 0 0 0 0 0 0
0 0 0 0 0 0 0 0 0 0 0
0 0 0 0 0 0 0 0 0 0 0
0 0 0 0 0 0 0 0 0 0 0
0 0 0 0 0 0 0 0 0 0 0
0 0 0 0 0 0 0 0 0 0 0
0 0 0 0 0 0 0 0 0 0 0
0 0 0 0 0 0 0 0 0 0 0
0 0 0 0 0 0 0 0 0 0 0
0 0 0 0 0 0 0 0 0 0 0
0 0 0 0 0 0 0 0 0 0 0
0 0 0 0 0 0 0 0 0 0 0
0 0 0 0 0 0 0 0 0 0 0
0 0 0 0 0 0 0 0 0 0 0
0 0 0 0 0 0 0 0 0 0 0
0 0 0 0 0 0 0 0 0 0 0
0 0 0 0 0 0 0 0 0 0 0
0 0 0 0 0 0 0 0 0 0 0
0 0 0 0 0 0 0 0 0 0 0
0 0 0 0 0 0 0 0 0 0 0
0 0 0 0 0 0 0 0 0 0 0
0 0 0 0 0 0 0 0 0 0 0
0 0 0 0 0 0 0 0 0 0 0
0 0 0 0 0 0 0 0 0 0 0
0 0 0 0 0 0 0 0 0 0 0
0 0 0 0 0 0 0 0 0 0 0
0 0 0 0 0 0 0 0 0 0 0
0 0 0 0 0 0 0 0 0 0 0
0 0 0 0 0 0 0 0 0 0 0
0 0 0 0 0 0 0 0 0 0 0
0 0 0 0 0 0 0 0 0 0 0