MODE 2
SIZE 11/70
LIMIT 0/30
COLOR LIMIT 4
STARS 1000/1500/2500
POWERUPS 1/1/0/1
7 0 13 0 0 0 16 0 0 7 12
7 0 0 0 0 0 0 0 0 7 0
0 7 7 7 7 7 7 7 7 7 7
0 7 0 0 0 0 0 0 0 0 7
0 0 7 0 0 0 0 0 0 0 7
0 0 7 0 0 0 0 0 0 7 0
0 0 7 0 0 0 0 0 0 7 0
0 7 0 0 0 0 0 0 7 0 0
0 7 0 0 0 0 0 0 0 7 0
7 0 0 0 0 0 0 0 0 7 0
7 20 20 20 20 9 20 20 20 20 7
7 0 0 0 0 0 0 0 0 0 7
0 7 0 0 0 0 0 0 0 0 7
0 7 0 0 0 0 0 0 0 7 0
0 0 7 0 0 0 0 0 0 7 0
0 0 7 0 0 0 0 0 7 0 0
0 0 7 0 0 0 0 0 0 7 0
0 7 0 0 0 0 0 0 0 7 0
0 7 0 0 0 0 0 0 0 0 7
7 20 20 20 20 8 20 20 20 20 7
0 7 0 0 0 0 0 0 0 0 7
0 7 0 0 0 0 0 0 0 7 0
0 0 7 0 0 0 0 0 0 7 0
0 0 7 0 0 0 0 0 7 0 0
0 0 7 0 0 0 0 0 0 7 0
0 7 0 0 0 0 0 0 0 7 0
0 7 0 0 0 0 0 0 0 0 7
7 20 20 20 20 20 20 20 20 20 7
0 7 0 0 0 0 0 0 0 0 7
0 7 0 0 0 0 0 0 0 7 0
0 0 7 0 0 0 0 0 0 7 0
0 0 7 7 7 7 7 7 7 0 0
0 0 0 0 0 0 0 0 0 0 0
0 0 0 0 0 0 0 0 0 0 0
0 0 0 0 0 0 0 0 0 0 0
0 0 0 0 0 0 0 0 0 0 0
0 0 0 0 0 0 0 0 0 0 0
0 0 0 0 0 0 0 0 0 0 0
0 0 0 0 0 0 0 0 0 0 0
0 0 0 0 0 0 0 0 0 0 0
0 0 0 0 0 0 0 0 0 0 0
0 0 0 0 0 0 0 0 0 0 0
0 0 0 0 0 0 0 0 0 0 0
0 0 0 0 0 0 0 0 0 0 0
0 0 0 0 0 0 0 0 0 0 0
0 0 0 0 0 0 0 0 0 0 0
0 0 0 0 0 0 0 0 0 0 0
0 0 0 0 0 0 0 0 0 0 0
0 0 0 0 0 0 0 0 0 0 0
0 0 0 0 0 0 0 0 0 0 0
0 0 0 0 0 0 0 0 0 0 0
0 0 0 0 0 0 0 0 0 0 0
0 0 0 0 0 0 0 0 0 0 0
0 0 0 0 0 0 0 0 0 0 0
0 0 0 0 0 0 0 0 0 0 0
0 0 0 0 0 0 0 0 0 0 0
0 0 0 0 0 0 0 0 0 0 0
0 0 0 0 0 0 0 0 0 0 0
0 0 0 0 0 0 0 0 0 0 0
0 0 0 0 0 0 0 0 0 0 0
0 0 0 0 0 0 0 0 0 0 0
0 0 0 0 0 0 0 0 0 0 0
0 0 0 0 0 0 0 0 0 0 0
0 0 0 0 0 0 0 0 0 0 0
0 0 0 0 0 0 0 0 0 0 0
0 0 0 0 0 0 0 0 0 0 0
0 0 0 0 0 0 0 0 0 0 0
0 0 0 0 0 0 0 0 0 0 0
0 0 0 0 0 0 0 0 0 0 0
0 0 0 0 0 0 0 0 0 0 0