MODE 2
SIZE 11/70
LIMIT 0/12
COLOR LIMIT 4
STARS 1000/1500/2500
POWERUPS 0/0/0/0
13 13 13 13 0 0 0 0 13 13 13
3 3 3 0 0 0 0 3 3 3 3
0 3 3 0 0 0 0 0 3 3 3
0 3 3 3 2 2 3 3 3 0 0
0 0 3 0 2 8 2 0 0 0 0
0 3 0 0 2 2 0 0 0 0 0
0 4 4 0 0 0 0 0 0 0 0
4 8 4 0 0 0 0 0 0 0 0
0 4 4 3 3 3 3 6 6 0 0
0 0 0 0 0 0 6 8 6 0 0
3 3 3 3 3 3 3 6 6 0 0
3 0 0 0 0 0 0 0 0 0 0
0 3 5 5 0 0 0 0 0 0 0
0 5 8 5 3 3 3 3 0 0 0
0 0 5 5 0 0 0 0 3 0 0
0 0 0 0 0 0 0 2 2 0 0
0 0 0 0 0 0 0 2 8 2 0
0 0 0 3 3 3 3 2 2 0 0
0 0 0 3 0 0 0 0 0 0 0
0 0 6 6 0 0 0 0 0 0 0
0 0 6 8 6 0 0 0 0 0 0
0 0 6 6 0 0 0 0 0 0 0
0 0 0 0 3 0 0 0 4 4 0
0 0 0 0 3 3 3 4 8 4 0
0 0 0 0 0 0 0 0 4 4 0
0 0 0 0 0 0 0 0 3 0 0
0 0 0 0 0 0 0 0 0 3 0
0 0 0 0 1 1 3 3 3 0 0
0 0 0 0 1 8 1 0 0 0 0
0 0 0 0 1 1 0 0 0 0 0
0 0 0 0 0 0 0 0 0 0 0
0 0 0 0 0 0 0 0 0 0 0
0 0 0 0 0 0 0 0 0 0 0
0 0 0 0 0 0 0 0 0 0 0
0 0 0 0 0 0 0 0 0 0 0
0 0 0 0 0 0 0 0 0 0 0
0 0 0 0 0 0 0 0 0 0 0
0 0 0 0 0 0 0 0 0 0 0
0 0 0 0 0 0 0 0 0 0 0
0 0 0 0 0 0 0 0 0 0 0
0 0 0 0 0 0 0 0 0 0 0
0 0 0 0 0 0 0 0 0 0 0
0 0 0 0 0 0 0 0 0 0 0
0 0 0 0 0 0 0 0 0 0 0
0 0 0 0 0 0 0 0 0 0 0
0 0 0 0 0 0 0 0 0 0 0
0 0 0 0 0 0 0 0 0 0 0
0 0 0 0 0 0 0 0 0 0 0
0 0 0 0 0 0 0 0 0 0 0
0 0 0 0 0 0 0 0 0 0 0
0 0 0 0 0 0 0 0 0 0 0
0 0 0 0 0 0 0 0 0 0 0
0 0 0 0 0 0 0 0 0 0 0
0 0 0 0 0 0 0 0 0 0 0
0 0 0 0 0 0 0 0 0 0 0
0 0 0 0 0 0 0 0 0 0 0
0 0 0 0 0 0 0 0 0 0 0
0 0 0 0 0 0 0 0 0 0 0
0 0 0 0 0 0 0 0 0 0 0
0 0 0 0 0 0 0 0 0 0 0
0 0 0 0 0 0 0 0 0 0 0
0 0 0 0 0 0 0 0 0 0 0
0 0 0 0 0 0 0 0 0 0 0
0 0 0 0 0 0 0 0 0 0 0
0 0 0 0 0 0 0 0 0 0 0
0 0 0 0 0 0 0 0 0 0 0
0 0 0 0 0 0 0 0 0 0 0
0 0 0 0 0 0 0 0 0 0 0
0 0 0 0 0 0 0 0 0 0 0
0 0 0 0 0 0 0 0 0 0 0