MODE 2
SIZE 11/70
LIMIT 0/40
COLOR LIMIT 4
STARS 1000/1500/2500
POWERUPS 0/1/1/0
13 20 15 20 11 20 12 20 13 20 15
17 17 17 17 10 17 17 17 17 17 17
20 20 20 20 20 20 20 20 20 20 20
20 20 20 20 20 20 20 20 20 20 20
7 7 0 7 7 0 7 7 0 7 7
7 7 0 7 7 0 7 7 0 7 7
7 7 0 7 7 0 7 7 0 7 7
7 7 0 7 7 0 7 7 0 7 7
7 7 0 7 7 0 7 7 0 7 7
20 20 20 20 20 20 20 20 20 20 20
0 0 20 20 0 20 20 0 20 20 0
0 0 20 0 0 20 0 0 20 0 0
20 20 20 20 20 20 20 20 20 20 20
7 7 7 7 7 7 7 7 7 7 7
0 7 0 7 0 7 0 7 0 7 0
0 7 7 7 7 7 7 7 7 0 0
0 0 7 0 7 0 7 0 7 0 0
0 0 7 7 7 7 7 7 0 0 0
0 0 0 7 0 7 0 7 0 0 0
0 0 0 7 7 7 7 0 0 0 0
0 0 0 0 7 0 7 0 0 0 0
0 0 0 0 7 7 0 0 0 0 0
0 0 0 0 0 7 0 0 0 0 0
0 0 0 0 0 0 0 0 0 0 0
0 0 0 0 0 0 0 0 0 0 0
0 0 0 0 0 0 0 0 0 0 0
0 0 0 0 0 0 0 0 0 0 0
0 0 0 0 0 0 0 0 0 0 0
0 0 0 0 0 0 0 0 0 0 0
0 0 0 0 0 0 0 0 0 0 0
0 0 0 0 0 0 0 0 0 0 0
0 0 0 0 0 0 0 0 0 0 0
0 0 0 0 0 0 0 0 0 0 0
0 0 0 0 0 0 0 0 0 0 0
0 0 0 0 0 0 0 0 0 0 0
0 0 0 0 0 0 0 0 0 0 0
0 0 0 0 0 0 0 0 0 0 0
0 0 0 0 0 0 0 0 0 0 0
0 0 0 0 0 0 0 0 0 0 0
0 0 0 0 0 0 0 0 0 0 0
0 0 0 0 0 0 0 0 0 0 0
0 0 0 0 0 0 0 0 0 0 0
0 0 0 0 0 0 0 0 0 0 0
0 0 0 0 0 0 0 0 0 0 0
0 0 0 0 0 0 0 0 0 0 0
0 0 0 0 0 0 0 0 0 0 0
0 0 0 0 0 0 0 0 0 0 0
0 0 0 0 0 0 0 0 0 0 0
0 0 0 0 0 0 0 0 0 0 0
0 0 0 0 0 0 0 0 0 0 0
0 0 0 0 0 0 0 0 0 0 0
0 0 0 0 0 0 0 0 0 0 0
0 0 0 0 0 0 0 0 0 0 0
0 0 0 0 0 0 0 0 0 0 0
0 0 0 0 0 0 0 0 0 0 0
0 0 0 0 0 0 0 0 0 0 0
0 0 0 0 0 0 0 0 0 0 0
0 0 0 0 0 0 0 0 0 0 0
0 0 0 0 0 0 0 0 0 0 0
0 0 0 0 0 0 0 0 0 0 0
0 0 0 0 0 0 0 0 0 0 0
0 0 0 0 0 0 0 0 0 0 0
0 0 0 0 0 0 0 0 0 0 0
0 0 0 0 0 0 0 0 0 0 0
0 0 0 0 0 0 0 0 0 0 0
0 0 0 0 0 0 0 0 0 0 0
0 0 0 0 0 0 0 0 0 0 0
0 0 0 0 0 0 0 0 0 0 0
0 0 0 0 0 0 0 0 0 0 0
0 0 0 0 0 0 0 0 0 0 0