MODE 2
SIZE 11/70
LIMIT 0/35
COLOR LIMIT 4
STARS 1000/1500/2500
POWERUPS 0/0/0/0
11 7 7 7 7 14 7 7 7 7 13
7 0 0 0 0 0 0 0 0 7 0
0 7 0 0 0 0 0 0 0 7 0
0 7 0 0 0 0 0 0 7 0 0
0 0 7 0 0 0 0 0 7 0 0
0 0 7 0 0 0 0 7 0 0 0
0 0 0 7 0 0 0 7 0 0 0
0 0 0 7 0 0 7 0 0 0 0
0 0 0 0 14 0 7 0 0 0 0
0 0 0 0 7 7 0 0 0 0 0
0 0 0 0 0 7 0 0 0 0 0
0 0 0 0 7 7 0 0 0 0 0
0 0 0 0 7 0 7 0 0 0 0
0 0 0 7 0 0 7 0 0 0 0
0 0 0 7 0 0 0 7 0 0 0
0 0 7 0 0 0 0 7 0 0 0
0 0 13 0 0 0 0 0 7 0 0
0 7 0 0 0 0 0 0 7 0 0
0 7 0 0 0 0 0 0 0 7 0
7 0 0 0 0 0 0 0 0 7 0
7 20 20 20 20 20 20 20 20 20 7
7 0 0 0 0 0 0 0 0 0 14
0 7 0 0 0 0 0 0 0 0 7
0 7 0 0 0 0 0 0 0 7 0
0 0 7 0 0 0 0 0 0 7 0
0 0 7 0 0 0 0 0 7 0 0
0 0 0 7 0 0 0 0 7 0 0
0 0 0 7 0 0 0 7 0 0 0
0 0 0 0 13 0 0 7 0 0 0
0 0 0 0 7 0 7 0 0 0 0
0 0 0 0 0 7 7 0 0 0 0
0 0 0 0 0 7 0 0 0 0 0
0 0 0 0 0 7 7 0 0 0 0
0 0 0 0 7 0 7 0 0 0 0
0 0 0 0 7 0 0 7 0 0 0
0 0 0 7 0 0 0 7 0 0 0
0 0 0 7 0 0 0 0 7 0 0
0 0 7 0 0 0 0 0 7 0 0
0 0 7 0 0 0 0 0 0 7 0
0 7 0 0 0 0 0 0 0 7 0
0 7 0 0 0 0 0 0 0 0 13
7 0 0 0 0 0 0 0 0 0 7
7 18 18 18 18 18 18 18 18 18 7
7 0 0 0 0 0 0 0 0 7 0
0 14 0 0 0 0 0 0 0 7 0
0 7 0 0 0 0 0 0 7 0 0
0 0 7 0 0 0 0 0 7 0 0
0 0 7 0 0 0 0 7 0 0 0
0 0 0 7 0 0 0 7 0 0 0
0 0 0 7 0 0 7 0 0 0 0
0 0 0 0 7 7 7 0 0 0 0
0 0 0 0 7 7 0 0 0 0 0
0 0 0 0 0 7 0 0 0 0 0
0 0 0 0 7 7 0 0 0 0 0
0 0 0 0 7 0 7 0 0 0 0
0 0 0 7 0 0 14 0 0 0 0
0 0 0 7 0 0 0 7 0 0 0
0 0 7 0 0 0 0 7 0 0 0
0 0 7 0 0 0 0 0 7 0 0
0 7 0 0 0 0 0 0 7 0 0
0 7 0 0 0 0 0 0 0 7 0
7 0 0 0 0 0 0 0 0 7 0
7 8 8 8 8 8 8 8 8 8 7
7 0 0 0 0 0 0 0 0 0 7
0 7 0 0 0 0 0 0 0 0 7
0 14 0 0 0 0 0 0 0 7 0
0 0 7 0 0 0 0 0 0 7 0
0 0 7 7 7 7 7 7 7 0 0
0 0 0 0 0 0 0 0 0 0 0
0 0 0 0 0 0 0 0 0 0 0