MODE 2
SIZE 11/70
LIMIT 0/60
COLOR LIMIT 4
STARS 1000/1500/2500
POWERUPS 1/0/0/1
13 20 20 14 20 20 15 20 20 12 0
7 20 7 7 20 7 7 20 7 0 0
0 7 7 20 7 7 20 7 7 0 0
0 7 20 20 7 20 20 7 0 0 0
0 0 7 20 7 7 20 7 0 0 0
0 0 7 7 20 7 7 0 0 0 0
0 0 0 7 20 20 7 0 0 0 0
0 0 0 7 20 7 0 0 0 0 0
0 0 0 0 7 7 0 0 0 0 0
0 0 0 0 7 0 0 0 0 0 0
0 0 0 0 7 7 0 0 0 0 0
0 0 0 7 20 7 0 0 0 0 0
0 0 0 7 7 7 7 0 0 0 0
0 0 7 20 20 20 7 0 0 0 0
0 0 7 7 20 20 7 7 0 0 0
0 7 20 7 20 7 20 7 0 0 0
0 7 7 7 7 7 7 7 7 7 0
0 7 20 20 7 7 20 20 7 0 0
0 0 7 20 7 20 7 20 7 0 0
0 0 7 7 20 20 7 7 0 0 0
0 0 0 7 20 20 20 7 0 0 0
0 0 0 7 20 20 7 0 0 0 0
0 0 0 0 7 20 7 0 0 0 0
0 0 0 0 7 7 0 0 0 0 0
0 0 0 0 0 7 0 0 0 0 0
0 0 0 0 0 0 0 0 0 0 0
0 0 0 0 0 0 0 0 0 0 0
0 0 0 0 0 0 0 0 0 0 0
0 0 0 0 0 0 0 0 0 0 0
0 0 0 0 0 0 0 0 0 0 0
0 0 0 0 0 0 0 0 0 0 0
0 0 0 0 0 0 0 0 0 0 0
0 0 0 0 0 0 0 0 0 0 0
0 0 0 0 0 0 0 0 0 0 0
0 0 0 0 0 0 0 0 0 0 0
0 0 0 0 0 0 0 0 0 0 0
0 0 0 0 0 0 0 0 0 0 0
0 0 0 0 0 0 0 0 0 0 0
0 0 0 0 0 0 0 0 0 0 0
0 0 0 0 0 0 0 0 0 0 0
0 0 0 0 0 0 0 0 0 0 0
0 0 0 0 0 0 0 0 0 0 0
0 0 0 0 0 0 0 0 0 0 0
0 0 0 0 0 0 0 0 0 0 0
0 0 0 0 0 0 0 0 0 0 0
0 0 0 0 0 0 0 0 0 0 0
0 0 0 0 0 0 0 0 0 0 0
0 0 0 0 0 0 0 0 0 0 0
0 0 0 0 0 0 0 0 0 0 0
0 0 0 0 0 0 0 0 0 0 0
0 0 0 0 0 0 0 0 0 0 0
0 0 0 0 0 0 0 0 0 0 0
0 0 0 0 0 0 0 0 0 0 0
0 0 0 0 0 0 0 0 0 0 0
0 0 0 0 0 0 0 0 0 0 0
0 0 0 0 0 0 0 0 0 0 0
0 0 0 0 0 0 0 0 0 0 0
0 0 0 0 0 0 0 0 0 0 0
0 0 0 0 0 0 0 0 0 0 0
0 0 0 0 0 0 0 0 0 0 0
0 0 0 0 0 0 0 0 0 0 0
0 0 0 0 0 0 0 0 0 0 0
0 0 0 0 0 0 0 0 0 0 0
0 0 0 0 0 0 0 0 0 0 0
0 0 0 0 0 0 0 0 0 0 0
0 0 0 0 0 0 0 0 0 0 0
0 0 0 0 0 0 0 0 0 0 0
0 0 0 0 0 0 0 0 0 0 0
0 0 0 0 0 0 0 0 0 0 0
0 0 0 0 0 0 0 0 0 0 0